6.58726482303744e+05
6.58726251968767e+05
6.58726604469701e+05
6.58726675676517e+05
6.58726344185833e+05
6.58726794790048e+05
6.58726528704525e+05
6.58726704143295e+05
6.58726355338263e+05
6.58726593924911e+05
6.58726866066553e+05
6.58726780912413e+05
6.58726693235887e+05
6.58726574398086e+05
6.58726699814782e+05
6.58726801851059e+05
6.58726575681844e+05
6.58726999084500e+05
6.58726680134516e+05
6.58726325051919e+05
6.58726479008406e+05
6.58726617644740e+05
6.58726718435825e+05
6.58726441116641e+05
6.58727491441138e+05
6.58726749597181e+05
6.58726456313212e+05
